68
3133.87 0 1434 0 3133.87 2155 0 0 1 0.640972 -0.0316191 -0.766915 0.198199 0.972086 0.125572 0.741534 -0.232489 0.629345 -0.506127 0.0734528 -0.333901 2868 4310
3127.81 0 1434 0 3127.81 2155 0 0 1 0.746534 -0.0149995 -0.665177 0.180573 0.966792 0.180858 0.640375 -0.25513 0.724451 0.462243 0.0586569 -1.03345 2868 4310
3132.17 0 1434 0 3132.17 2155 0 0 1 0.637379 -0.0278375 -0.770051 0.18779 0.97483 0.120195 0.747319 -0.221217 0.626561 -0.445379 0.0736013 -0.304105 2868 4310
3124.03 0 1434 0 3124.03 2155 0 0 1 0.774702 -0.0144272 -0.632161 0.15367 0.974065 0.16609 0.613369 -0.225814 0.756827 1.861 0.0518903 -1.82017 2868 4310
3127.61 0 1434 0 3127.61 2155 0 0 1 0.74611 0.00208941 -0.665819 0.263119 0.917674 0.297728 0.611628 -0.397328 0.684137 3.18603 0.623021 0.987774 2868 4310
3086.65 0 1434 0 3086.65 2155 0 0 1 0.543913 0.00762306 -0.839107 0.313368 0.925772 0.211538 0.778434 -0.378007 0.50115 3.18296 0.619271 0.956682 2868 4310
3085.61 0 1434 0 3085.61 2155 0 0 1 0.613427 -0.0182821 -0.78954 0.540805 0.73828 0.40308 0.575533 -0.674247 0.462768 3.1394 0.629184 0.944067 2868 4310
3126.78 0 1434 0 3126.78 2155 0 0 1 0.808087 -0.0335087 -0.588107 0.256723 0.918611 0.300409 0.530178 -0.393738 0.750922 4.69013 0.59129 0.0911232 2868 4310
3130.89 0 1434 0 3130.89 2155 0 0 1 0.476372 -0.00351648 -0.87924 0.304427 0.938802 0.161184 0.824861 -0.344446 0.448287 -0.0733192 -0.000107437 1.6748 2868 4310
3114.19 0 1434 0 3114.19 2155 0 0 1 0.740676 -0.0219886 -0.671502 0.216368 0.954025 0.207416 0.63607 -0.29892 0.711383 -0.035769 -0.00677851 1.72711 2868 4310
3112.21 0 1434 0 3112.21 2155 0 0 1 0.381968 -0.0210496 -0.923936 0.338548 0.933433 0.118695 0.859934 -0.358135 0.363668 1.35829 -0.0437308 3.7738 2868 4310
3109.55 0 1434 0 3109.55 2155 0 0 1 0.625532 -0.0229341 -0.779862 0.281919 0.938675 0.198525 0.727483 -0.344041 0.593637 1.36313 -0.0468252 3.77692 2868 4310
3113.23 0 1434 0 3113.23 2155 0 0 1 0.262282 -0.0281195 -0.964584 0.375483 0.923777 0.0751681 0.888944 -0.381899 0.252847 2.73177 -9.65595e-05 5.36987 2868 4310
3107.84 0 1434 0 3107.84 2155 0 0 1 0.698652 -0.0511856 -0.71363 0.27032 0.942389 0.197052 0.66243 -0.330579 0.672237 2.70214 -0.00665927 5.38612 2868 4310
3122.97 0 1434 0 3122.97 2155 0 0 1 0.190963 -0.0275208 -0.981212 0.473044 0.878455 0.0674245 0.860096 -0.477032 0.180771 4.54769 0.0394058 6.83599 2868 4310
3122.07 0 1434 0 3122.07 2155 0 0 1 0.830242 -0.0137572 -0.557233 0.158266 0.96437 0.211998 0.534463 -0.2642 0.802838 3.37146 0.0286199 -2.55692 2868 4310
3108.66 0 1434 0 3108.66 2155 0 0 1 0.590781 -0.0150966 -0.806691 0.323411 0.920418 0.219626 0.739178 -0.390644 0.548648 4.6349 0.0264106 6.8686 2868 4310
3112.06 0 1434 0 3112.06 2155 0 0 1 0.883225 -0.00555167 -0.468914 0.128625 0.964449 0.230853 0.450964 -0.26421 0.852541 4.86608 0.00984381 -3.22831 2868 4310
3112.35 0 1434 0 3112.35 2155 0 0 1 0.91792 -0.0167402 -0.396409 0.125872 0.959785 0.250936 0.376268 -0.280236 0.883114 6.01569 -3.18587e-05 -3.5873 2868 4310
3117.98 0 1434 0 3117.98 2155 0 0 1 0.89133 -0.011447 -0.453212 0.185022 0.921823 0.340598 0.413883 -0.38744 0.823767 7.07134 0.567671 -0.435066 2868 4310
3149.03 0 1434 0 3149.03 2155 0 0 1 0.85376 -0.0115761 -0.520536 0.359866 0.735638 0.573876 0.376284 -0.677276 0.632225 7.02388 0.62613 -0.579322 2868 4310
3109.28 0 1434 0 3109.28 2155 0 0 1 0.947587 -0.000904383 -0.319497 0.096024 0.954569 0.282094 0.304726 -0.297988 0.904624 9.05213 0.511888 -0.649417 2868 4310
3160.06 0 1434 0 3160.06 2155 0 0 1 0.929857 0.00383994 -0.367904 0.204877 0.825168 0.526425 0.305604 -0.564875 0.766501 8.99174 0.570367 -0.817748 2868 4310
3122.84 0 1434 0 3122.84 2155 0 0 1 0.994835 0.0157051 -0.100275 0.022386 0.929678 0.36769 0.0989977 -0.368037 0.924527 10.8383 0.523297 -1.13677 2868 4310
3104.36 0 1434 0 3104.36 2155 0 0 1 0.991686 -0.00477463 -0.128591 0.0390878 0.963269 0.265677 0.1226 -0.268494 0.955448 9.03957 0.538829 -0.662801 2868 4310
3262.53 0 1434 0 3262.53 2155 0 0 1 0.99153 -0.002688 -0.129858 0.0941146 0.703899 0.704039 0.0895149 -0.710297 0.698188 10.7958 0.839709 -1.51274 2868 4310
3109.64 0 1434 0 3109.64 2155 0 0 1 0.980096 0.0118103 -0.198175 0.0495084 0.952153 0.301588 0.192256 -0.305397 0.932615 13.033 0.575916 -1.48464 2868 4310
3118.22 0 1434 0 3118.22 2155 0 0 1 0.98667 -0.00174001 0.162724 -0.0650474 0.912367 0.404174 -0.149166 -0.409372 0.900092 13.0053 0.585301 -1.526 2868 4310
3134.77 0 1434 0 3134.77 2155 0 0 1 0.931542 -0.0136107 0.363377 -0.126038 0.925268 0.357764 -0.341092 -0.379071 0.860211 15.0645 0.588181 -1.3143 2868 4310
3101.14 0 1434 0 3101.14 2155 0 0 1 0.999804 0.019309 -0.004465 -0.0170052 0.951545 0.307036 0.0101779 -0.306901 0.951687 15.0869 0.5816 -1.29115 2868 4310
3115.85 0 1434 0 3115.85 2155 0 0 1 0.97542 -0.00103039 -0.220355 0.059466 0.964119 0.258726 0.21218 -0.26547 0.940482 8.30319 -0.0223888 -4.124 2868 4310
3121.26 0 1434 0 3121.26 2155 0 0 1 0.988324 0.00979637 -0.152061 0.034395 0.957834 0.285258 0.148444 -0.287157 0.946311 9.53248 -0.0284528 -4.36539 2868 4310
3117.71 0 1434 0 3117.71 2155 0 0 1 0.995917 -0.000264379 -0.0903029 0.0226714 0.968698 0.247209 0.0874119 -0.248246 0.964745 10.619 -0.0273113 -4.52829 2868 4310
3117.99 0 1434 0 3117.99 2155 0 0 1 0.999863 -0.0165607 8.28751e-06 0.0159073 0.960549 0.277657 -0.00460656 -0.277619 0.96068 11.8948 -0.027457 -4.63638 2868 4310
3130.34 0 1434 0 3130.34 2155 0 0 1 0.992563 -0.00255936 0.121707 -0.0319822 0.959177 0.280993 -0.117458 -0.282795 0.951961 13.256 -0.0296972 -4.64112 2868 4310
3102.74 0 1434 0 3102.74 2155 0 0 1 0.94697 0.0132112 -0.321049 0.0778029 0.959995 0.268992 0.311759 -0.279706 0.908058 7.14914 -0.0113439 -3.90125 2868 4310
3110.82 0 1434 0 3110.82 2155 0 0 1 0.983219 0.00875405 0.182218 -0.0570842 0.963452 0.26173 -0.173267 -0.26774 0.947784 14.4575 -0.0277252 -4.56674 2868 4310
3118.33 0 1434 0 3118.33 2155 0 0 1 0.985868 0.0143006 0.166914 -0.0588936 0.962338 0.265402 -0.156833 -0.271481 0.94958 17.0146 0.57711 -1.04988 2868 4310
3112.65 0 1434 0 3112.65 2155 0 0 1 0.868652 0.00369549 0.49541 -0.173507 0.938911 0.297223 -0.464047 -0.34414 0.816228 16.9854 0.57766 -1.05419 2868 4310
3112.44 0 1434 0 3112.44 2155 0 0 1 0.967738 0.00669201 0.251868 -0.0724992 0.964766 0.252927 -0.241302 -0.263027 0.934126 15.7094 -0.0248249 -4.4529 2868 4310
3114.07 0 1434 0 3114.07 2155 0 0 1 0.941893 -0.00731682 0.335838 -0.0812193 0.96514 0.248814 -0.325951 -0.261632 0.908463 16.8826 -0.0107348 -4.22186 2868 4310
3167.51 0 2155 0 3167.51 1434 0 0 1 0.368463 -0.0129594 -0.929553 0.346388 0.929814 0.12434 0.8627 -0.367801 0.347091 5.82989 0.104702 7.62521 4310 2868
3122.09 0 1434 0 3122.09 2155 0 0 1 0.91942 0.00464031 0.393251 -0.105327 0.966307 0.234852 -0.378912 -0.257347 0.888931 17.9839 0.000519514 -3.98324 2868 4310
3130.63 0 1434 0 3130.63 2155 0 0 1 0.886798 -0.00397867 0.46214 -0.108678 0.970126 0.216893 -0.449198 -0.242565 0.859874 19.1444 0.0102603 -3.65659 2868 4310
3132.79 0 1434 0 3132.79 2155 0 0 1 0.860812 -0.0169708 0.508638 -0.129765 0.95909 0.251614 -0.4921 -0.282596 0.823394 20.2447 0.014672 -3.33616 2868 4310
3144.73 0 1434 0 3144.73 2155 0 0 1 0.788748 -0.0116181 0.614606 -0.236608 0.917052 0.320984 -0.567355 -0.398596 0.720575 18.8911 0.575355 -0.680022 2868 4310
3097.19 0 1434 0 3097.19 2155 0 0 1 0.948139 0.0180548 0.317341 -0.1077 0.957575 0.267303 -0.299052 -0.287618 0.909859 18.8894 0.569084 -0.635344 2868 4310
3137.93 0 1434 0 3137.93 2155 0 0 1 0.718281 0.00219114 0.69575 -0.236195 0.941375 0.240879 -0.654434 -0.337352 0.67669 20.3797 0.57619 -0.174969 2868 4310
3096.24 0 1434 0 3096.24 2155 0 0 1 0.903884 0.00677487 0.427724 -0.125719 0.959926 0.25047 -0.408886 -0.280169 0.868515 20.3784 0.562291 -0.147609 2868 4310
3137.21 0 1434 0 3137.21 2155 0 0 1 0.825312 0.00973605 0.564593 -0.153155 0.966232 0.207217 -0.543511 -0.25749 0.798934 21.2986 0.0313914 -2.90108 2868 4310
3145.46 0 1434 0 3145.46 2155 0 0 1 0.66704 -0.0148149 0.744875 -0.294704 0.91301 0.282067 -0.684257 -0.407668 0.604647 21.6422 0.558427 0.226711 2868 4310
3102.37 0 1434 0 3102.37 2155 0 0 1 0.876422 5.64659e-05 0.481542 -0.144241 0.954114 0.262411 -0.459433 -0.299441 0.836217 21.5999 0.53891 0.277815 2868 4310
3128.02 0 1434 0 3128.02 2155 0 0 1 0.800953 0.022153 0.598318 -0.171903 0.965749 0.194365 -0.573519 -0.258529 0.777327 22.2113 0.0408137 -2.42348 2868 4310
3111.61 0 1434 0 3111.61 2155 0 0 1 0.759943 0.00559746 0.649966 -0.183411 0.961175 0.206166 -0.623577 -0.275885 0.731465 22.9941 0.0387549 -1.99786 2868 4310
3126.86 0 1434 0 3126.86 2155 0 0 1 0.717587 -0.000991283 0.696469 -0.18453 0.96399 0.191497 -0.671578 -0.265936 0.691564 23.0851 -0.248327 -0.107059 2868 4310
3119.44 0 1434 0 3119.44 2155 0 0 1 0.690108 0.01129 0.723619 -0.209949 0.960002 0.185249 -0.692584 -0.279765 0.664875 22.8443 -0.223739 1.21244 2868 4310
3110.35 0 1434 0 3110.35 2155 0 0 1 0.727944 -0.0137561 0.685499 -0.187974 0.957486 0.218827 -0.659366 -0.28815 0.694411 23.6484 -0.272056 -1.35061 2868 4310
3113.18 0 1434 0 3113.18 2155 0 0 1 0.768428 0.0111304 0.639839 -0.19004 0.958713 0.211555 -0.611067 -0.284159 0.738817 23.4633 -0.219143 2.6811 2868 4310
3114.07 0 1434 0 3114.07 2155 0 0 1 0.504348 0.0243414 0.863158 -0.280736 0.949922 0.137247 -0.816592 -0.311539 0.485925 23.5083 -0.202387 2.63078 2868 4310
3097.95 0 1434 0 3097.95 2155 0 0 1 0.504827 0.0189916 0.863012 -0.276335 0.950703 0.140723 -0.817795 -0.309521 0.485188 23.5073 -0.203416 2.63039 2868 4310
3135.42 0 1434 0 3135.42 2155 0 0 1 0.369287 0.0382787 0.928527 -0.327095 0.940569 0.0913152 -0.869848 -0.337438 0.359861 23.8543 -0.165949 4.35636 2868 4310
3104.3 0 1434 0 3104.3 2155 0 0 1 0.744782 0.0112452 0.667213 -0.19577 0.959544 0.202358 -0.637945 -0.281332 0.716853 23.8061 -0.176418 4.40411 2868 4310
3143.13 0 1434 0 3143.13 2155 0 0 1 0.210634 0.0336622 0.976986 -0.280168 0.959562 0.0273412 -0.936557 -0.279479 0.211547 24.3478 -0.117464 6.06779 2868 4310
3108.34 0 1434 0 3108.34 2155 0 0 1 0.577519 0.032996 0.815711 -0.209679 0.971659 0.109147 -0.788991 -0.234072 0.568069 24.352 -0.129102 6.09154 2868 4310
3135.98 0 1434 0 3135.98 2155 0 0 1 0.408013 0.0261401 0.912602 -0.239056 0.967774 0.0791585 -0.881123 -0.250461 0.401113 25.6923 -0.100905 7.67609 2868 4310
3137.36 0 1434 0 3137.36 2155 0 0 1 0.0476688 0.0139211 0.998766 -0.308234 0.95131 0.00145179 -0.950116 -0.307923 0.0496389 25.7369 -0.0908155 7.66056 2868 4310
3110.29 0 1434 0 3110.29 2155 0 0 1 0.776101 -0.0189495 -0.630324 0.232845 0.937526 0.258511 0.586047 -0.347398 0.732027 4.60574 0.0361743 6.87195 2868 4310
3091.34 0 2155 0 3091.34 1434 0 0 1 0.690364 0.0090466 -0.723405 0.156369 0.97442 0.161413 0.706361 -0.224552 0.67129 5.8018 0.0678966 7.67059 4310 2868
