18 1280 960 
  1.3843899630000001e+03   0.0000000000000000e+00   7.1379895799999997e+02   0.0000000000000000e+00   1.3843899630000001e+03   5.6342521999999997e+02   0.0000000000000000e+00   0.0000000000000000e+00   1.0000000000000000e+00   5.3496400000000000e-01  -8.4382999999999997e-01   4.1994999999999998e-02  -4.9279099999999998e-01  -3.5201800000000000e-01  -7.9576400000000003e-01   6.8627300000000002e-01   4.0501100000000001e-01  -6.0414900000000005e-01  -2.0548979570147194e+00  -1.4709862794014292e+00   2.7653548881798788e+00 
  1.3179118770000000e+03   0.0000000000000000e+00   6.8692374600000005e+02   0.0000000000000000e+00   1.3179118770000000e+03   4.8794689299999999e+02   0.0000000000000000e+00   0.0000000000000000e+00   1.0000000000000000e+00  -5.3980799999999995e-01  -8.4102699999999997e-01   3.5782000000000001e-02  -4.9212299999999998e-01   2.8080899999999998e-01  -8.2399100000000003e-01   6.8295099999999997e-01  -4.6240599999999998e-01  -5.6547199999999997e-01  -1.9393919759634661e+00   1.2600817232177794e+00   2.6949149760156730e+00 
  9.1616149199999995e+02   0.0000000000000000e+00   5.7764712299999997e+02   0.0000000000000000e+00   9.1616149199999995e+02   4.7945706200000001e+02   0.0000000000000000e+00   0.0000000000000000e+00   1.0000000000000000e+00   6.0359000000000003e-02   9.2692300000000005e-01   3.7036599999999997e-01   9.3416299999999997e-01  -1.8319199999999999e-01   3.0623699999999998e-01   3.5170600000000002e-01   3.2749699999999998e-01  -8.7695400000000001e-01  -4.1917027983443755e-01  -7.6173263099936361e-01   2.6415685955091721e+00 
  1.3267171870000000e+03   0.0000000000000000e+00   6.9592771400000004e+02   0.0000000000000000e+00   1.3267171870000000e+03   5.2041939600000001e+02   0.0000000000000000e+00   0.0000000000000000e+00   1.0000000000000000e+00   5.6100399999999995e-01   2.2971999999999999e-02  -8.2749399999999995e-01   3.6662699999999998e-01  -9.0312700000000001e-01   2.2348599999999999e-01  -7.4219900000000005e-01  -4.2875799999999997e-01  -5.1507999999999998e-01   2.3915643505605231e+00   1.0190022053619856e+00   2.4454880465398317e+00 
  9.0836540600000001e+02   0.0000000000000000e+00   6.8005505400000004e+02   0.0000000000000000e+00   9.0836540600000001e+02   4.5250121200000001e+02   0.0000000000000000e+00   0.0000000000000000e+00   1.0000000000000000e+00  -5.7595000000000000e-02  -8.7548000000000001e-02  -9.9449399999999999e-01   9.0051400000000004e-01   4.2549500000000001e-01  -8.9608999999999994e-02   4.3099700000000002e-01  -9.0071599999999996e-01   5.4331999999999998e-02  -2.5119710086316815e-01   1.2098172306444341e+00   1.0312878892338770e+00 
  9.4490155600000003e+02   0.0000000000000000e+00   6.3403318899999999e+02   0.0000000000000000e+00   9.4490155600000003e+02   4.5990904799999998e+02   0.0000000000000000e+00   0.0000000000000000e+00   1.0000000000000000e+00  -1.0341100000000000e-01   3.2078499999999999e-01  -9.4149000000000005e-01  -9.9412199999999995e-01  -2.8219999999999999e-03   1.0823000000000001e-01   3.2062000000000000e-02   9.4714799999999999e-01   3.1919100000000000e-01   3.6951299124816284e-01  -1.3699323632239118e+00   2.6982393750889927e-01 
  9.2143769699999996e+02   0.0000000000000000e+00   6.7168870900000002e+02   0.0000000000000000e+00   9.2143769699999996e+02   4.8480937899999998e+02   0.0000000000000000e+00   0.0000000000000000e+00   1.0000000000000000e+00  -2.7012999999999999e-02  -9.9963500000000005e-01  -8.0900000000000004e-04  -8.5829000000000003e-02   3.1259999999999999e-03  -9.9630500000000000e-01   9.9594400000000005e-01  -2.6842999999999999e-02  -8.5882000000000000e-02  -2.1503274218042305e+00  -6.5884566688080584e-02   1.1610796865724535e+00 
  1.4321038980000001e+03   0.0000000000000000e+00   7.0466388800000004e+02   0.0000000000000000e+00   1.4321038980000001e+03   4.9808873499999999e+02   0.0000000000000000e+00   0.0000000000000000e+00   1.0000000000000000e+00  -5.7396999999999997e-02  -1.8665000000000001e-02  -9.9817699999999998e-01  -9.9812100000000004e-01  -2.0393999999999999e-02   5.7775000000000000e-02  -2.1434999999999999e-02   9.9961800000000001e-01  -1.7458999999999999e-02   3.0668291076143123e-01  -1.3768054416292841e+00   1.4610659177070164e+00 
  1.3511990400000000e+03   0.0000000000000000e+00   5.6039991799999996e+02   0.0000000000000000e+00   1.3511990400000000e+03   5.0371114999999998e+02   0.0000000000000000e+00   0.0000000000000000e+00   1.0000000000000000e+00  -7.7306000000000000e-02   9.9699599999999999e-01   4.7609999999999996e-03   3.9901999999999999e-01   3.5314999999999999e-02  -9.1626200000000002e-01  -9.1367799999999999e-01  -6.8932999999999994e-02  -4.0055200000000002e-01   2.6480516683984354e+00  -6.1616657102705946e-02   1.9682509855027941e+00 
  8.9413520000000005e+02   0.0000000000000000e+00   6.1420447899999999e+02   0.0000000000000000e+00   8.9413520000000005e+02   4.2764186699999999e+02   0.0000000000000000e+00   0.0000000000000000e+00   1.0000000000000000e+00  -5.5203000000000002e-02   9.1558799999999996e-01  -3.9831100000000003e-01   9.0655399999999997e-01   2.1314800000000000e-01   3.6431700000000000e-01   4.1846299999999997e-01  -3.4097899999999998e-01  -8.4179700000000002e-01  -4.6971166940554981e-01   6.0980361218357781e-01   2.6139257087003176e+00 
  9.4169876299999999e+02   0.0000000000000000e+00   6.0665015200000005e+02   0.0000000000000000e+00   9.4169876299999999e+02   4.7728024499999998e+02   0.0000000000000000e+00   0.0000000000000000e+00   1.0000000000000000e+00   1.0241100000000000e-01  -1.4532999999999999e-01   9.8406899999999997e-01   8.7058300000000000e-01  -4.6550300000000000e-01  -1.5934799999999999e-01   4.8124499999999998e-01   8.7303299999999995e-01   7.8849000000000002e-02  -3.3011457728417709e-01  -1.3497486556644200e+00   9.8345074567590252e-01 
  9.0713196400000004e+02   0.0000000000000000e+00   6.1058232099999998e+02   0.0000000000000000e+00   9.0713196400000004e+02   4.9579352599999999e+02   0.0000000000000000e+00   0.0000000000000000e+00   1.0000000000000000e+00  -2.6862000000000000e-02   3.1450600000000001e-01   9.4887500000000002e-01  -9.9864500000000000e-01  -5.0756000000000003e-02  -1.1447000000000001e-02   4.4561000000000003e-02  -9.4789800000000002e-01   3.1544299999999997e-01   3.0010289429338610e-01   1.2632769300957936e+00   3.3221466449195242e-01 
  8.9290004499999998e+02   0.0000000000000000e+00   6.4334861200000000e+02   0.0000000000000000e+00   8.9290004499999998e+02   4.6240841000000000e+02   0.0000000000000000e+00   0.0000000000000000e+00   1.0000000000000000e+00   8.2239000000000007e-02  -3.2920700000000003e-01   9.4067000000000001e-01  -9.9653199999999997e-01  -1.5133000000000001e-02   8.1826999999999997e-02  -1.2703000000000001e-02  -9.4413599999999998e-01  -3.2930999999999999e-01   2.7138314262417990e-01   1.2373652520913208e+00   1.0686330214410553e+00 
  1.3505487639999999e+03   0.0000000000000000e+00   7.0517745900000000e+02   0.0000000000000000e+00   1.3505487639999999e+03   5.2223838899999998e+02   0.0000000000000000e+00   0.0000000000000000e+00   1.0000000000000000e+00  -8.3300000000000006e-03  -9.9793799999999999e-01   6.3646999999999995e-02  -6.4586600000000005e-01  -4.3221999999999997e-02  -7.6222599999999996e-01   7.6340500000000000e-01  -4.7456999999999999e-02  -6.4417400000000002e-01  -1.9670979936294093e+00  -7.6845752905231782e-02   2.7679981263897093e+00 
  1.3512943530000000e+03   0.0000000000000000e+00   5.5110782900000004e+02   0.0000000000000000e+00   1.3512943530000000e+03   4.5451497599999999e+02   0.0000000000000000e+00   0.0000000000000000e+00   1.0000000000000000e+00   8.7651999999999994e-02  -5.2305999999999998e-02   9.9477700000000002e-01  -9.9581500000000001e-01   2.1323999999999999e-02   8.8865000000000000e-02  -2.5860999999999999e-02  -9.9840300000000004e-01  -5.0217999999999999e-02   2.5120253958983074e-01   1.2096186361178265e+00   1.4575406421546249e+00 
  1.3805900019999999e+03   0.0000000000000000e+00   5.8300018000000000e+02   0.0000000000000000e+00   1.3805900019999999e+03   3.5817780199999999e+02   0.0000000000000000e+00   0.0000000000000000e+00   1.0000000000000000e+00  -5.9285900000000002e-01  -1.6535999999999999e-02   8.0513699999999999e-01   2.5381100000000001e-01   9.4499699999999998e-01   2.0630100000000001e-01  -7.6426400000000005e-01   3.2665899999999998e-01  -5.5605300000000002e-01   2.3225529554223061e+00  -1.1652751132499324e+00   2.4815148643349048e+00 
  9.1076711399999999e+02   0.0000000000000000e+00   6.7294726800000001e+02   0.0000000000000000e+00   9.1076711399999999e+02   4.5957427600000000e+02   0.0000000000000000e+00   0.0000000000000000e+00   1.0000000000000000e+00   5.4990000000000004e-03  -9.9983599999999995e-01   1.7277000000000001e-02  -7.7004799999999995e-01   6.7879999999999998e-03   6.3795000000000002e-01  -6.3796200000000003e-01  -1.6812000000000001e-02  -7.6988400000000001e-01   1.2196033495408172e+00  -6.6484554085778011e-02   2.4952683082692082e+00 
  3.1371972350000001e+03   0.0000000000000000e+00   7.2666621799999996e+02   0.0000000000000000e+00   3.1371972350000001e+03   5.5475958700000001e+02   0.0000000000000000e+00   0.0000000000000000e+00   1.0000000000000000e+00   3.7472999999999999e-02   9.9896700000000005e-01   2.5710000000000000e-02  -8.1405000000000005e-02   2.8694000000000001e-02  -9.9626800000000004e-01  -9.9597599999999997e-01   3.5240000000000000e-02   8.2395999999999997e-02   2.6787067325216984e+00  -5.5782992818777237e-02   1.3757756359163691e+00 
